0
A1
1278
0.5748615293284071
0.5956046816853571
0.585233105506882
0.7433489827856025
0.02942959880325156

0
A2
1044
0.5931312942813183
0.6032563342259647
0.5981938142536415
0.7543103448275862
0.026634885044590037

0
A3
142
0.8991367261804325
0.7928611054806642
0.5709115769451772
0.44704438903382127
0.6774884494100238
0.7640845070422535
0.18824001737374715

0
A4
116
0.9784721053879837
0.9704302097189015
0.7119282160339684
0.4617945534530385
0.780656271148473
0.8297413793103449
0.21692688279678707

