0
B1
1278
0.35617745902639975
0.3287925136177939
0.34248498632209684
0.26917057902973396
0.038226642143068736

0
B2
1044
0.33949720644716785
0.31971271030633386
0.32960495837675086
0.23275862068965517
0.036016184469092626

0
B3
142
0.8691619672405888
0.7765474212421498
0.3524553793626772
0.30365816514256977
0.5754557332469964
0.5264084507042254
0.2540364892635797

0
B4
116
0.9235081176819473
0.9118269209204048
0.38306557168734484
0.31259596238619297
0.6327491431689725
0.5431034482758621
0.2874514994345559

