0
A1
1278
0.6591329164190891
0.726408352705188
0.6927706345621386
0.7625195618153364
0.05300878291637731

0
A2
1044
0.6286349865961177
0.6375738774989178
0.6331044320475178
0.7365900383141762
0.03233866987172764

0
A3
142
0.9752166711948287
0.9654694652893174
0.6868334691709196
0.585347168567315
0.8032166935555952
0.9894366197183099
0.17312438146822634

0
A4
116
0.8767085676563198
0.8179142780858895
0.5067702840114462
0.39011375092226885
0.647876720168981
0.7607758620689655
0.21223636139058483

