0
B1
1278
0.1621023261998321
0.22324029109054513
0.1926713086451886
0.02464788732394366
0.03330514594731803

0
B2
1044
0.18045935279893122
0.209155249339796
0.19480730106936361
0.031130268199233715
0.031588874519106816

0
B3
142
0.5202102381998385
0.4466400288150344
0.23721939409282847
0.19870175914445393
0.3506928550630388
0.20950704225352113
0.14512638819086596

0
B4
116
0.6589345668667349
0.514729547603377
0.2811808006773735
0.1980256190009672
0.41321763353711316
0.3706896551724138
0.18811576805014016

