0
A1
1278
0.7947064402202765
0.7954539264696585
0.7950801833449674
0.8755868544600939
0.04291033896388769

0
A2
1044
0.7870927178996733
0.7317584974841139
0.7594256076918936
0.8735632183908046
0.05196605589940173

0
A3
142
0.8930019425674224
0.8680243538299077
0.6679875821294919
0.3380977662516312
0.6917779111946133
0.7834507042253521
0.22842033879238563

0
A4
116
0.9318439539136558
0.9485328413289169
0.8193893607320457
0.4821877981825122
0.7954884885392827
0.915948275862069
0.19465429999118297

