0
A1
1278
0.6396711575499909
0.5800737266855807
0.6098724421177858
0.9166666666666666
0.03767985907705364

0
A2
1044
0.5148052515540543
0.48899844771258216
0.5019018496333183
0.6503831417624522
0.025143273988331872

0
A3
142
0.5062519519681662
0.4675587216313456
0.6058397826174615
0.6470463538253811
0.5566742025105886
0.8855633802816901
0.08279157995935106

0
A4
116
0.45374553971763315
0.30386491736461374
0.4148780954038275
0.31365649781093513
0.3715362625742524
0.3642241379310345
0.08216944472357868

