0
B1
0.9062672556598564
0.8318608503589178
0.19865754087908633

0
B2
0.9608843537414966
0.9244897959183673
0.12758548450814625

0
B3
0.7807017543859649
0.6491228070175439
0.34050685245739787

0
B4
0.9285714285714286
0.8571428571428571
0.1345463190227747

0
B5
0.9204826223027508
0.8584253006094548
0.17916450003787

0
B6
0.9649113820305296
0.9316668374141993
0.12138586880858836

0
B7
0.9926275078559342
0.9852550157118685
0.05570441647978661

0
B8
0.9984975961538461
0.9969951923076923
0.019293138349894434

