0
A1
1278
0.425404567414303
0.37226324820532486
0.3988339078098139
0.460093896713615
0.0401002708254076

0
A2
1044
0.3310955678901396
0.33109470162811866
0.3310951347591291
0.1997126436781609
0.02424895789267288

0
A3
142
0.24923721139489766
0.16098738585034728
0.2649577536528379
0.2656545843666708
0.2352092338161884
0.03697183098591549
0.05410275968426227

0
A4
116
0.15984957787240373
0.08658242463294802
0.1350069908939045
0.11142782266412316
0.12321670401584485
0.0021551724137931034
0.03634740640417589

