0
B1
1278
0.6717107949402411
0.6415460952710658
0.6566284451056534
0.9816118935837246
0.023264314635352164

0
B2
1044
0.48994794020507754
0.4666992636447437
0.47832360192491064
0.5526819923371648
0.0278338637538397

0
B3
142
0.37004493397306387
0.33516580926280626
0.482552847601998
0.5455196751675135
0.4333208165013454
0.6690140845070423
0.09249149671230696

0
B4
116
0.2792133656812125
0.18545803202894226
0.3043995464606018
0.2822412614036223
0.2628280513935947
0.1206896551724138
0.06212058027252071

