0
A1
1136
0.3332631113401181
0.3390809431488455
0.3361720272444818
0.22095070422535212
0.018311978245652477

0
A2
928
0.27519172537622266
0.286757556994542
0.2809746411853823
0.034482758620689655
0.012412911971452934

0
A3
142
0.36903727715703805
0.3658455209413045
0.27751656642682115
0.2869401117655593
0.3248348690726807
0.25704225352112675
0.04664105902193375

0
A4
116
0.2860307890022623
0.3093307638733551
0.24011702450184985
0.22570904209439097
0.2652969048679646
0.07112068965517242
0.03761809583121416

