0
A1
1136
0.2813598009049368
0.3373770870819268
0.3093684439934318
0.1267605633802817
0.03423471523540646

0
A2
928
0.16143282479205137
0.18246515070345123
0.1719489877477513
0.00646551724137931
0.018369267439742668

0
A3
142
0.5862479726193657
0.4875152058584589
0.35799039092282176
0.3182244306089173
0.43749450000239093
0.43661971830985913
0.12327204838150882

0
A4
116
0.7376309522780878
0.5734923452395817
0.4751703279285595
0.30583155652957744
0.5230312954939517
0.5668103448275862
0.1679782907859574

