0
A1
1278
0.32821395588639385
0.3348424034849019
0.33152817968564785
0.19757433489827855
0.017397730399931727

0
A2
1044
0.27030705933912275
0.2821093378766972
0.27620819860790996
0.031609195402298854
0.011941971560633273

0
A3
142
0.36903727715703805
0.3658455209413045
0.27751656642682115
0.2869401117655593
0.3248348690726807
0.25704225352112675
0.04664105902193375

0
A4
116
0.2860307890022623
0.3093307638733551
0.24011702450184985
0.22570904209439097
0.2652969048679646
0.07112068965517242
0.03761809583121416

