0
B1
1136
0.16610058011408424
0.2344339828262709
0.20026728147017755
0.027288732394366196
0.035785247189727365

0
B2
928
0.18031620225820946
0.21787613548804075
0.19909616887312512
0.03178879310344827
0.031158096138949924

0
B3
142
0.5202102381998385
0.4466400288150344
0.23721939409282847
0.19870175914445393
0.3506928550630388
0.20950704225352113
0.14512638819086596

0
B4
116
0.6589345668667349
0.514729547603377
0.2811808006773735
0.1980256190009672
0.41321763353711316
0.3706896551724138
0.18811576805014013

