0
A1
1278
0.48183067720412553
0.5478492757751489
0.5148399764896372
0.6318466353677621
0.048003128014143456

0
A2
1044
0.6572061742859325
0.7154320233369468
0.6863190988114396
0.7662835249042146
0.04844362069263883

0
A3
142
0.831816531822715
0.8817253175755622
0.7127230977508384
0.21221075705449347
0.6596189260509022
0.7552816901408451
0.2671713087938367

0
A4
116
0.9357215171230251
0.9404154620293913
0.7646850093171514
0.29211411731124953
0.7332340264452043
0.7737068965517241
0.26745641534683967

