0
A1
1136
0.47294420122273895
0.5445974465872777
0.5087708239050084
0.6192781690140845
0.05010490425416386

0
A2
928
0.6359857862237198
0.7015128194290245
0.6687493028263722
0.7370689655172413
0.052382694384693326

0
A3
142
0.831816531822715
0.8817253175755622
0.7127230977508384
0.21221075705449347
0.6596189260509022
0.7552816901408451
0.26717130879383677

0
A4
116
0.9357215171230251
0.9404154620293913
0.7646850093171514
0.29211411731124953
0.7332340264452043
0.7737068965517241
0.26745641534683967

