0
A1
1278
0.2772177911898433
0.32988383974267843
0.3035508154662609
0.11580594679186229
0.03303539486826399

0
A2
1044
0.16810794594658404
0.18270988717775122
0.17540891656216762
0.013888888888888888
0.019308700479595597

0
A3
142
0.5862479726193657
0.4875152058584589
0.35799039092282176
0.3182244306089173
0.43749450000239093
0.43661971830985913
0.12327204838150882

0
A4
116
0.7376309522780878
0.5734923452395817
0.4751703279285595
0.30583155652957744
0.5230312954939517
0.5668103448275862
0.16797829078595738

