0
B1
7207
0.9085611211322325
0.7672885617108679
0.8315526571388927
0.19679362737278147

0
B2
5817
0.9592573491490459
0.8704248723548846
0.9222967165205432
0.12775873380268238

0
B3
82
0.7865853658536586
0.7232218962844189
0.6585365853658537
0.3011005774776383

0
B4
65
0.9230769230769231
0.8872011063190607
0.8461538461538461
0.17328096765738268

0
B5
2742
0.9330780452224654
0.7957532932244127
0.87563822027717
0.17112495692855767

0
B6
2206
0.9757479601087942
0.8743908039462209
0.9533091568449683
0.11533527558539418

0
B7
718
1.0
0.9833721374070744
1.0
0.016278117480052215

0
B8
569
1.0
0.9918600107643013
1.0
0.005153588020948199

