0
A1
7207
0.8428611072568336
0.7084855352142916
0.783960038851117
0.181998301211621

0
A2
5817
0.9553893759669932
0.8453463332614518
0.9176551487020801
0.13941918149813357

0
A3
82
0.8475609756097561
0.7475890311889533
0.7195121951219512
0.2327963931531441

0
A4
65
0.9538461538461539
0.8762507954469094
0.9076923076923077
0.14376577551548297

0
A5
2742
0.6832603938730853
0.6104507710955178
0.5853391684901532
0.26467514967166816

0
A6
2206
0.8601541251133273
0.7780795381425568
0.7606527651858568
0.22083569037055062

0
A7
718
0.8732590529247911
0.7616367175459114
0.8161559888579387
0.1873407905667107

0
A8
569
0.9780316344463972
0.9243405378294326
0.9560632688927944
0.08903920425262518

