0
A1
7207
0.0
0.1471206371257511
0.9951436103787984
0.014981715377423805

0
A2
5817
0.0
0.14231385495619345
1.0
0.015041401576797064

0
A3
82
0.0
0.13446197822326567
1.0
0.024950433431602106

0
A4
65
0.0
0.13317654476715968
1.0
0.014940630701872019

0
A5
2742
0.0
0.14875681848447964
0.9886943836615609
0.015624190351221354

0
A6
2206
0.0
0.14415827077405624
0.9995466908431551
0.017863325848972808

0
A7
718
0.0
0.131055021819381
0.8871866295264624
0.017036431969706396

0
A8
569
0.0
0.1290344833961061
0.9964850615114236
0.017291192561126132

