0
B1
7207
0.7883307895101984
0.6387276939432114
0.7680033300957403
0.1530844167787729

0
B2
5817
0.9388000687639677
0.7503774841974871
0.8956506790441808
0.14801143827318675

0
B3
82
0.7926829268292683
0.731363356386016
0.6097560975609756
0.27400014840248155

0
B4
65
0.9538461538461539
0.8230951912128008
0.9076923076923077
0.1592216826402224

0
B5
2742
0.6088621444201313
0.54724924400908
0.600291757840992
0.20980462088860316

0
B6
2206
0.828649138712602
0.6893287078778877
0.7352674524025385
0.19486203793426157

0
B7
718
0.9115598885793872
0.813597148393273
0.8537604456824512
0.15545172152994072

0
B8
569
0.9824253075571178
0.9405704604982282
0.9648506151142355
0.0690094485538496

