0
A1
7207
0.899750242819481
0.660618035059949
0.8293325933120578
0.14866116387500533

0
A2
5817
0.861096785284511
0.6778048700820325
0.8194945848375451
0.15080420277309578

0
A3
82
0.8048780487804879
0.706603872090033
0.6829268292682927
0.29802160196733185

0
A4
65
0.9230769230769231
0.8142147222390541
0.8461538461538461
0.1763510992893806

0
A5
2742
0.7516411378555798
0.5603812935970653
0.5962800875273523
0.22834224587837595

0
A6
2206
0.7343608340888486
0.5965116332518993
0.601541251133273
0.22814524035769113

0
A7
718
0.935933147632312
0.7759868099216715
0.8857938718662952
0.15586434461404686

0
A8
569
0.9639718804920914
0.8589420203702207
0.9279437609841827
0.11354341735058383

