0
B1
7207
0.9619120299708617
0.7667364692334843
0.9268766477036214
0.13139918221379676

0
B2
5817
0.9773938456248925
0.8535461351256232
0.9570225201994155
0.09563202333574301

0
B3
82
0.75
0.6573915431139673
0.5975609756097561
0.3430117415037097

0
B4
65
0.8769230769230769
0.7913652131477228
0.8153846153846154
0.24269352228595661

0
B5
2742
0.8539387308533917
0.6636464573982301
0.7465353756382203
0.22592553446771757

0
B6
2206
0.927470534904805
0.770180326652589
0.8653671804170444
0.17936141415079507

0
B7
718
0.9540389972144847
0.8235053709555096
0.9164345403899722
0.13245718223159525

0
B8
569
0.9692442882249561
0.885059773411294
0.9384885764499121
0.09466143523347818

