0
B1
7207
0.880602192313029
0.7091361965544225
0.7954766199528236
0.19050292685923603

0
B2
5817
0.805741791301358
0.6240581599484764
0.7046587588103833
0.19553523132337702

0
B3
82
0.8170731707317073
0.7792478418659147
0.7073170731707317
0.2749935660238673

0
B4
65
0.8615384615384616
0.8082921594954454
0.7384615384615385
0.24146079959777686

0
B5
2742
0.7330415754923414
0.6097564255733132
0.6039387308533917
0.2557178147811032

0
B6
2206
0.6824569356300997
0.5669235082145642
0.5897552130553038
0.20748504723066757

0
B7
718
0.8927576601671309
0.7837886336391848
0.8105849582172702
0.20550084626691256

0
B8
569
0.836555360281195
0.7223680635459184
0.718804920913884
0.22780607127451938

