0
A1
7207
0.2015401692798668
0.28687447586719816
0.6643541001803802
0.19184335018569518

0
A2
5817
0.0978167440261303
0.2856048072224141
0.8258552518480317
0.1368954154517574

0
A3
82
0.8536585365853658
0.7743843469041877
0.7682926829268293
0.23770176664721676

0
A4
65
0.9076923076923077
0.7880146745305795
0.8153846153846154
0.21108873738692358

0
A5
2742
0.07421590080233406
0.2015055447200722
0.8614150255288111
0.12633650994945908

0
A6
2206
0.0385312783318223
0.2332485836127592
0.9265639165911151
0.09678913599871443

0
A7
718
0.483983286908078
0.4923577529993064
0.5515320334261838
0.22389741264760993

0
A8
569
0.4964850615114236
0.5028490745879853
0.5483304042179262
0.2418460270065834

