0
A1
7207
0.9729429721104482
0.8334282988454178
0.9481060080477314
0.10681664626732669

0
A2
5817
0.9900292246862644
0.9184067599822489
0.9800584493725288
0.06641083309458604

0
A3
82
0.9146341463414634
0.8631827980279922
0.8292682926829268
0.16671995055384753

0
A4
65
0.9692307692307692
0.9513239554487742
0.9384615384615385
0.0739342274574133

0
A5
2742
0.9498541210795041
0.7997252972026231
0.9106491611962072
0.1532422836671599

0
A6
2206
0.9947869446962828
0.9059145422289292
0.9895738893925657
0.08141683563522502

0
A7
718
1.0
0.9822031602803047
1.0
0.013720507492262009

0
A8
569
1.0
0.9922023544412086
1.0
0.0037106225276873277

