0
B1
7207
0.990425974746774
0.9683393157529603
0.9827945053420286
0.03951372975356638

0
B2
5817
0.99338146811071
0.9694988631401759
0.98676293622142
0.03552920298478909

0
B3
82
0.8109756097560976
0.8141516244391025
0.6951219512195121
0.3013844837252868

0
B4
65
0.9076923076923077
0.9144480679470759
0.8153846153846154
0.16114463038169421

0
B5
2742
0.9772064186725018
0.9524990843539687
0.9551422319474836
0.06550205573385254

0
B6
2206
0.9834542157751587
0.9627626273166371
0.9669084315503174
0.04790554437803228

0
B7
718
0.9993036211699164
0.9946240953333199
0.9986072423398329
0.006898341819768497

0
B8
569
1.0
0.9974477962576023
1.0
0.0025672870696324245

