0
A1
7207
0.9832801443041488
0.9564592927174579
0.96989038434855
0.0474114655304467

0
A2
5817
0.9792848547361183
0.9547538028587119
0.9599449888258552
0.05677087310601064

0
A3
82
0.8780487804878049
0.8822340888720823
0.7560975609756098
0.2198812358717366

0
A4
65
0.9230769230769231
0.9328463445059382
0.8461538461538461
0.12947122669563843

0
A5
2742
0.9879649890590809
0.9491294861701878
0.9766593727206418
0.05516233749994716

0
A6
2206
0.9866273798730735
0.9562921928282377
0.9741613780598368
0.05168479454896986

0
A7
718
0.9972144846796658
0.9928943402753899
0.9944289693593314
0.009640871150247898

0
A8
569
1.0
0.9970848935350174
1.0
0.003244662326752406

